
k1 =

    0.8196


k2 =

    1.4790


k3 =

     1


k4 =

    0.1625