k1 =

    0.2863


k2 =

    2.3275


k3 =

     1


k4 =

    0.0109