
k1 =

    0.9922


k2 =

   31.3194


k3 =

    0.9922


k4 =

    0.0132