
k1 =

    0.7608


k2 =

    2.4201


k3 =

     1


k4 =

    0.1504
